10
10 96   99   22   46   24   75   19   29   8   92
15 39   96   90   67   12   14   66   18   44   40   4   99   89   80   19
10 69   51   98   81   18   10   74   78   54   50
12 3   49   29   56   93   53   87   95   94   28   38   24
18 42   57   34   37   48   65   75   16   14   60   15   63   68   96   86   22   53   28
20 95   81   85   70   56   20   92   9   58   24 22   41   50   5   42   29   72   93   6   96
15 91   44   3   29   63   76   31   83   37   82   53   26   11   38   88
20 11   49   68   64   7   21   93   94   53   32   77   42   48   96   15   67   71   20   74   19
25 73   8   12   75   81   6   79   31   30   45   88   99   39   42   40   69   3   47   1   16   23   4   66   19   91
30 29   77   38   74   18   44   25   21   53   62   97   54   81   78   13   19   93   24   94   64   73   79   1   37   52   32   57   16   75   46